-0.009218
-0.00628
-0.008225
-0.004881
-0.005794
-0.009019
-0.008821
-0.008623
-0.008425
-0.005892
-0.005989
-0.006086
-0.006183
-0.008006
-0.007786
-0.007567
-0.007352
-0.007142
-0.006938
-0.006742
-0.006553
-0.006374
-0.006205
-0.006047
-0.005899
-0.005763
-0.005639
-0.005525
-0.005424
-0.005333
-0.005254
-0.005185
-0.005126
-0.005077
-0.005036
-0.005003
-0.004976
-0.004956
-0.00494
-0.004927
-0.004917
-0.004907
-0.004895
-0.004845
-0.004805
-0.004764
-0.004723
-0.004683
-0.004645
-0.004609
-0.004578
-0.004552
-0.004532
-0.004518
-0.004511
-0.004511
-0.00452
-0.004536
-0.004561
-0.004594
-0.004635
-0.004686
-0.004744
-0.00481
-0.004885
-0.004966
-0.005054
-0.005149
-0.005249
-0.005353
-0.005461
-0.005571
-0.005682
